// Submachine Guns
// -----------------------------------------------------------------------------

// The Recluse (static roll)
dimwishlist:item=3354242550&perks=1458010786,1392496348,1885400500,2779035018,3081867624

// Extraordinary Rendition
dimwishlist:item=1097616550&perks=4090651448,3142289711,3643424744,3425386926
dimwishlist:item=1097616550&perks=3661387068,3142289711,3643424744,3425386926
dimwishlist:item=1097616550&perks=839105230,3142289711,3643424744,3425386926
dimwishlist:item=1097616550&perks=4090651448,106909392,3643424744,3425386926
dimwishlist:item=1097616550&perks=3661387068,106909392,3643424744,3425386926
dimwishlist:item=1097616550&perks=839105230,106909392,3643424744,3425386926
dimwishlist:item=1097616550&perks=4090651448,3142289711,1168162263,3425386926
dimwishlist:item=1097616550&perks=3661387068,3142289711,1168162263,3425386926
dimwishlist:item=1097616550&perks=839105230,3142289711,1168162263,3425386926
dimwishlist:item=1097616550&perks=4090651448,106909392,1168162263,3425386926
dimwishlist:item=1097616550&perks=3661387068,106909392,1168162263,3425386926
dimwishlist:item=1097616550&perks=839105230,106909392,1168162263,3425386926
dimwishlist:item=1097616550&perks=4090651448,3142289711,3436462433,3425386926
dimwishlist:item=1097616550&perks=3661387068,3142289711,3436462433,3425386926
dimwishlist:item=1097616550&perks=839105230,3142289711,3436462433,3425386926
dimwishlist:item=1097616550&perks=4090651448,106909392,3436462433,3425386926
dimwishlist:item=1097616550&perks=3661387068,106909392,3436462433,3425386926
dimwishlist:item=1097616550&perks=839105230,106909392,3436462433,3425386926
dimwishlist:item=1097616550&perks=4090651448,3142289711,2387244414,3425386926
dimwishlist:item=1097616550&perks=3661387068,3142289711,2387244414,3425386926
dimwishlist:item=1097616550&perks=839105230,3142289711,2387244414,3425386926
dimwishlist:item=1097616550&perks=4090651448,106909392,2387244414,3425386926
dimwishlist:item=1097616550&perks=3661387068,106909392,2387244414,3425386926
dimwishlist:item=1097616550&perks=839105230,106909392,2387244414,3425386926
dimwishlist:item=1097616550&perks=4090651448,3142289711,3643424744,4104185692
dimwishlist:item=1097616550&perks=3661387068,3142289711,3643424744,4104185692
dimwishlist:item=1097616550&perks=839105230,3142289711,3643424744,4104185692
dimwishlist:item=1097616550&perks=4090651448,106909392,3643424744,4104185692
dimwishlist:item=1097616550&perks=3661387068,106909392,3643424744,4104185692
dimwishlist:item=1097616550&perks=839105230,106909392,3643424744,4104185692
dimwishlist:item=1097616550&perks=4090651448,3142289711,1168162263,4104185692
dimwishlist:item=1097616550&perks=3661387068,3142289711,1168162263,4104185692
dimwishlist:item=1097616550&perks=839105230,3142289711,1168162263,4104185692
dimwishlist:item=1097616550&perks=4090651448,106909392,1168162263,4104185692
dimwishlist:item=1097616550&perks=3661387068,106909392,1168162263,4104185692
dimwishlist:item=1097616550&perks=839105230,106909392,1168162263,4104185692
dimwishlist:item=1097616550&perks=4090651448,3142289711,3436462433,4104185692
dimwishlist:item=1097616550&perks=3661387068,3142289711,3436462433,4104185692
dimwishlist:item=1097616550&perks=839105230,3142289711,3436462433,4104185692
dimwishlist:item=1097616550&perks=4090651448,106909392,3436462433,4104185692
dimwishlist:item=1097616550&perks=3661387068,106909392,3436462433,4104185692
dimwishlist:item=1097616550&perks=839105230,106909392,3436462433,4104185692
dimwishlist:item=1097616550&perks=4090651448,3142289711,2387244414,4104185692
dimwishlist:item=1097616550&perks=3661387068,3142289711,2387244414,4104185692
dimwishlist:item=1097616550&perks=839105230,3142289711,2387244414,4104185692
dimwishlist:item=1097616550&perks=4090651448,106909392,2387244414,4104185692
dimwishlist:item=1097616550&perks=3661387068,106909392,2387244414,4104185692
dimwishlist:item=1097616550&perks=839105230,106909392,2387244414,4104185692
